omar,1000065854,1000,100ahmed,12561190062,2000,200mohamed,51652215064,3000,300Ali,1.11E+11,2256654,225665mostafa,7.48638E+11,684651,68465omar,1000065854,1000,100
ahmed,12561190062,2000,200
mohamed,51652215064,3000,300
Ali,1.11E+11,2256654,225665
mostafa,7.48638E+11,684651,68465
omar,1000065854,1000,100
ahmed,12561190062,2000,200
mohamed,51652215064,3000,300
Ali,1.11E+11,2256654,225665
mostafa,7.48638E+11,684651,68465
omar,1000065854,1000,100
ahmed,12561190062,2000,200
mohamed,51652215064,3000,300
Ali,1.11E+11,2256654,225665
mostafa,7.48638E+11,684651,68465
omar,1000065854,1000,100
ahmed,12561190062,2000,200
mohamed,51652215064,3000,300
Ali,1.11E+11,2256654,225665
mostafa,7.48638E+11,684651,68465
omar,1000065854,1000,100
ahmed,12561190062,2000,200
mohamed,51652215064,3000,300
Ali,1.11E+11,2256654,225665
mostafa,7.48638E+11,684651,68465
omar,1000065854,1000,100
ahmed,12561190062,2000,200
mohamed,51652215064,3000,300
Ali,1.11E+11,2256654,225665
mostafa,7.48638E+11,684651,68465
omar,1000065854,1000,100
ahmed,12561190062,2000,200
mohamed,51652215064,3000,300
Ali,1.11E+11,2256654,225665
mostafa,7.48638E+11,684651,68465
omar,1000065854,1000,100
ahmed,12561190062,2000,200
mohamed,51652215064,3000,300
Ali,1.11E+11,2256654,225665
mostafa,7.48638E+11,684651,68465
omar,1000065854,1000,100
ahmed,12561190062,2000,200
mohamed,51652215064,3000,300
Ali,1.11E+11,2256654,225665
mostafa,7.48638E+11,684651,68465
omar,1000065854,1000,100
ahmed,12561190062,2000,200
mohamed,51652215064,3000,300
Ali,1.11E+11,2256654,225665
mostafa,7.48638E+11,684651,68465
omar,1000065854,1000,100
ahmed,12561190062,2000,200
mohamed,51652215064,3000,300
Ali,1.11E+11,2256654,225665
mostafa,7.48638E+11,684651,68465
omar,1000065854,1000,100
ahmed,12561190062,2000,200
mohamed,51652215064,3000,300
Ali,1.11E+11,2256654,225665
mostafa,7.48638E+11,684651,68465
omar,1000065854,1000,100
ahmed,12561190062,2000,200
mohamed,51652215064,3000,300
Ali,1.11E+11,2256654,225665
mostafa,7.48638E+11,684651,68465
omar,1000065854,1000,100
ahmed,12561190062,2000,200
mohamed,51652215064,3000,300
Ali,1.11E+11,2256654,225665
mostafa,7.48638E+11,684651,68465
omar,1000065854,1000,100
ahmed,12561190062,2000,200
mohamed,51652215064,3000,300
Ali,1.11E+11,2256654,225665
mostafa,7.48638E+11,684651,68465
omar,1000065854,1000,100
ahmed,12561190062,2000,200
mohamed,51652215064,3000,300
Ali,1.11E+11,2256654,225665
mostafa,7.48638E+11,684651,68465
omar,1000065854,1000,100
ahmed,12561190062,2000,200
mohamed,51652215064,3000,300
Ali,1.11E+11,2256654,225665
mostafa,7.48638E+11,684651,68465
omar,1000065854,1000,100
ahmed,12561190062,800,80
mohamed,51652215064,300,30
Ali,1.11E+11,5000,500
mostafa,7.49E+11,6000,600
omar,1000065854,1000,100
ahmed,12561190062,800,80
mohamed,51652215064,300,30
Ali,1.11E+11,5000,500
mostafa,7.49E+11,6000,600
omar,1000065854,1000,100
ahmed,12561190062,800,80
mohamed,51652215064,300,30
Ali,1.11E+11,250,25
mostafa,7.49E+11,300,30
omar,1000065854,1000,100
ahmed,12561190062,800,80
mohamed,51652215064,300,30
Ali,1.11E+11,250,25
mostafa,7.49E+11,300,30
omar,1000065854,1000,100
ahmed,12561190062,800,80
mohamed,51652215064,300,30
Ali,1.11E+11,250,25
mostafa,7.49E+11,300,30
omar,1000065854,1000,100
ahmed,12561190062,800,80
mohamed,51652215064,300,30
Ali,1.11E+11,250,25
mostafa,7.49E+11,300,30
omar,1000065854,1000,100
ahmed,12561190062,800,80
mohamed,51652215064,300,30
Ali,1.11E+11,250,25
mostafa,7.49E+11,300,30
omar,1000065854,1000,100
ahmed,12561190062,800,80
mohamed,51652215064,300,30
Ali,1.11E+11,250,25
mostafa,7.49E+11,300,30
omar,1000065854,1000,100
ahmed,12561190062,800,80
mohamed,51652215064,300,30
Ali,1.11E+11,250,25
mostafa,7.49E+11,300,30
omar,1000065854,1000,100
ahmed,12561190062,800,80
mohamed,51652215064,300,30
Ali,1.11E+11,250,25
mostafa,7.49E+11,300,30
omar,1000065854,1000,100
ahmed,12561190062,800,80
mohamed,51652215064,300,30
Ali,1.11E+11,250,25
mostafa,7.49E+11,300,30
omar,1000065854,1000,100
ahmed,12561190062,800,80
mohamed,51652215064,300,30
Ali,1.11E+11,250,25
mostafa,7.49E+11,300,30
omar,1000065854,1000,100
ahmed,12561190062,800,80
mohamed,51652215064,300,30
Ali,1.11E+11,250,25
mostafa,7.49E+11,300,30
omar,1000065854,1000,100
omar,1000065854,1000,100
ahmed,12561190062,800,80
mohamed,51652215064,300,30
ahmed,12561190062,800,80
mohamed,51652215064,300,30
Ali,1.11E+11,250,25
mostafa,7.49E+11,300,30
Ali,1.11E+11,250,25
mostafa,7.49E+11,300,30
omar,1000065854,1000,100
ahmed,12561190062,800,80
mohamed,51652215064,300,30
omar,1000065854,1000,100
ahmed,12561190062,800,80
mohamed,51652215064,300,30
omar,1000065854,1000,100
ahmed,12561190062,800,80
mohamed,51652215064,300,30
omar,1000065854,1000,100
ahmed,12561190062,800,80
mohamed,51652215064,300,30
omar,1000065854,1000,100
omar,1000065854,1000,100
ahmed,12561190062,800,80
mohamed,51652215064,300,30
ahmed,12561190062,800,80
mohamed,51652215064,300,30
omar,1000065854,1000,100
omar,1000065854,1000,100
ahmed,12561190062,800,80
mohamed,51652215064,300,30
ahmed,12561190062,800,80
mohamed,51652215064,300,30
Ali,1.11E+11,250,25
mostafa,7.49E+11,300,30
Ali,1.11E+11,250,25
mostafa,7.49E+11,300,30
omar,1000065854,1000,100
ahmed,12561190062,800,80
mohamed,51652215064,300,30
Ali,1.11E+11,250,25
mostafa,7.49E+11,300,30
